37.240431333333326,126.77430299999999
37.24043616666667,126.77429183333334
37.24044283333333,126.77427549999999
37.24044983333333,126.77425883333332
37.240456333333334,126.774244
37.240463,126.77422916666667
37.24047083333333,126.77421199999999
37.2404785,126.77419533333332
37.24048633333334,126.77417866666669
37.24049566666667,126.77415916666665
37.24050533333333,126.77413900000002
37.24051416666667,126.7741205
37.24052283333333,126.77410266666666
37.24053333333333,126.77408849999999
37.24054533333333,126.77407666666667
37.24055933333333,126.774069
37.240573166666664,126.77406616666667
37.240586666666665,126.77406649999999
37.24060083333333,126.77407066666667
37.240614,126.774077
37.2406265,126.7740845
37.24064,126.77409250000001
37.24065533333333,126.77410233333333
37.24067133333333,126.77411249999999
37.24069166666666,126.77412483333335
37.240716,126.7741405
37.2407435,126.77415816666668
37.24077333333333,126.77417750000001
37.240804499999996,126.774197
37.240834666666665,126.774215
37.24086333333333,126.77423133333332
37.2408885,126.77424950000001
37.24091216666667,126.774267
37.24093583333333,126.77428
37.240958166666665,126.77429150000002
37.240977,126.77430583333334
37.240996333333335,126.77431966666667
37.24101683333333,126.77433433333333
37.24103583333333,126.774348
37.241054,126.77436116666668
37.24107166666667,126.77437383333333
37.241090166666666,126.77438750000002
37.24111083333333,126.77440166666665
37.241131,126.774412
37.241150166666664,126.77442100000002
37.24117116666666,126.77442466666668
37.24119633333333,126.77442566666666
37.24122283333334,126.77443466666666
37.2412485,126.77443916666668
37.24127283333333,126.77444249999999
37.24129516666667,126.77444716666666
37.241315500000006,126.774453
37.24133566666667,126.77445666666667
37.24135783333334,126.77446016666666
37.2413785,126.77446366666666
37.24139950000001,126.77446716666667
37.24142266666667,126.77447066666667
37.24144533333333,126.77447333333333
37.24146833333334,126.77447466666666
37.24149416666667,126.77447550000001
37.24152016666667,126.77447633333334
37.24154766666666,126.77447783333334
37.241574166666666,126.77447933333333
37.24159916666667,126.77448083333333
37.24162316666666,126.77448066666666
37.24164733333334,126.77447966666665
37.241673500000005,126.77448000000001
37.241702333333336,126.7744805
37.241731333333334,126.77448100000001
37.241758499999996,126.77448150000001
37.241784,126.77448600000001
37.24180816666667,126.77448799999999
37.241831833333336,126.77448899999999
37.241854833333335,126.77449116666666
37.24187966666667,126.77449499999999
37.241906,126.77449933333334
37.24193116666667,126.7745035
37.2419555,126.77450583333332
37.241978499999995,126.77450866666668
37.24200183333333,126.77450983333334
37.24202733333333,126.77451
37.242052333333326,126.77450933333333
37.242076,126.77450816666666
37.24209866666667,126.7745065
37.24211983333333,126.77450583333332
37.242143000000006,126.77450500000002
37.24216666666667,126.77450316666666
37.24218833333334,126.77449633333332
37.24220983333333,126.7744855
37.2422335,126.774479
37.24225816666667,126.77447166666667
37.2422855,126.77446666666668
37.24231233333333,126.77446366666666
37.242337,126.77446149999999
37.24235983333333,126.77446083333334
37.2423815,126.77445983333334
37.242402,126.77445783333333
37.24242233333334,126.77445666666667
37.24244433333333,126.77445549999999
37.242467166666664,126.77445416666666
37.242488333333334,126.77445416666666
37.2425105,126.77445416666666
37.24253366666667,126.77445433333332
37.24255633333333,126.774454
37.24258,126.77445233333334
37.24260733333333,126.77445033333333
37.24263433333333,126.77444949999999
37.24266,126.77444849999999
37.24268433333334,126.77444716666666
37.242709,126.77444133333331
37.24273566666667,126.7744335
37.24276116666667,126.77442416666666
37.24278066666667,126.77440683333334
37.24279633333333,126.77438766666667
37.24281,126.77436733333334
37.24281833333334,126.77434366666667
37.242824166666665,126.77431983333332
37.2428285,126.77429400000001
37.242828833333334,126.77426866666669
37.2428275,126.77424233333335
37.24282616666667,126.77421616666668
37.242819833333336,126.77419183333335
37.242809333333334,126.77416766666666
37.242801666666665,126.77414283333334
37.24279633333333,126.77411816666667
37.242793166666665,126.77409416666666
37.24279283333333,126.77407216666667
37.24279216666666,126.77405033333335
37.2427905,126.77402866666668
37.24278883333333,126.7740065
37.242786833333334,126.77398399999998
37.242786,126.77396366666666
37.24278566666667,126.77394383333333
37.242785166666664,126.77392466666667
37.24278483333333,126.77390433333333
37.242784666666665,126.77388366666668
37.242784,126.77386466666667
37.24278266666667,126.7738445
37.24278116666667,126.77382433333332
37.2427795,126.77380516666666
37.2427765,126.77378633333335
37.24277166666666,126.7737685
37.242764,126.77375116666666
37.242754,126.773738
37.24274183333333,126.77372716666666
37.24272716666667,126.77371783333335
37.2427125,126.77371016666666
37.2426965,126.773705
37.24268133333333,126.77370266666667
37.242666166666666,126.7737025
37.242649166666666,126.77370283333333
37.2426325,126.77370233333335
37.242614333333336,126.77370033333334
37.24259366666667,126.77369783333333
37.24256833333333,126.773698
37.24253916666667,126.77370133333334
37.24250766666667,126.77370350000001
37.242473333333336,126.773705
37.24243533333333,126.77370649999999
37.242397833333335,126.7737075
37.242362166666666,126.77370883333333
37.2423285,126.77371149999999
37.24229683333333,126.77371183333335
37.242266666666666,126.77371149999999
37.24223833333333,126.77371083333334
37.242212,126.77371283333332
37.2421875,126.77371533333334
37.24216483333333,126.7737185
37.242144,126.773721
37.24212466666667,126.77372366666665
37.242106,126.77372500000001
37.24208833333333,126.7737255
37.24206866666667,126.77372616666668
37.24204833333333,126.77372716666666
37.242028499999996,126.77372866666668
37.2420085,126.77373033333333
37.24198816666667,126.77373133333334
37.24196933333334,126.77373033333333
37.24195116666667,126.77372966666665
37.241933333333336,126.7737305
37.24191533333333,126.77373199999998
37.241897333333334,126.77373383333334
37.241880333333334,126.77373516666667
37.24186266666666,126.77373616666667
37.2418425,126.77373716666668
37.241822166666665,126.77373816666667
37.24180083333333,126.77373966666667
37.24178199999999,126.77374483333332
37.241765,126.77375083333332
37.241750333333336,126.773758
37.24173766666667,126.77376666666666
37.24172416666667,126.77377833333334
37.241710499999996,126.7737925
37.2416975,126.77380866666665
37.241688999999994,126.77382633333333
37.241681666666665,126.77384366666665
37.24167533333333,126.77386383333332
37.24167033333333,126.77388616666667
37.241667166666666,126.77391016666667
37.241665166666664,126.77393233333332
37.24166483333333,126.77395283333333
37.241665499999996,126.77397333333332
37.241666,126.77399616666668
37.241666,126.77402150000002
37.241666,126.77404933333334
37.24166583333333,126.77407583333334
37.24166566666667,126.77410316666668
37.24166533333334,126.77413366666666
37.24166533333334,126.774162
37.24166583333333,126.77418766666666
37.24166666666667,126.77421083333333
37.241667166666666,126.77423183333333
37.241666499999994,126.77425166666666
37.241665,126.77427250000001
37.241662,126.77429166666667
37.241657833333335,126.77431033333332
37.24165166666667,126.774328
37.241642999999996,126.77434233333334
37.2416295,126.77435816666666
37.24161333333333,126.77437133333333
37.24159733333333,126.77438133333332
37.2415825,126.77438483333331
37.241567333333336,126.77438633333334
37.241551666666666,126.77438716666666
37.241533,126.77438766666667
37.24151566666667,126.77438766666667
37.24149883333334,126.7743865
37.24148183333333,126.77438550000001
37.24146266666666,126.77438433333333
37.241444,126.77438483333331
37.241427,126.77438516666668
37.24141183333334,126.77438266666668
37.241397,126.7743785
37.24137983333333,126.77437450000001
37.24136116666667,126.77437049999999
37.241343666666666,126.77436733333334
37.24132816666667,126.77436333333331
37.241313500000004,126.774359
37.241298666666665,126.77435333333332
37.24128316666667,126.774347
37.241267,126.77434
37.2412515,126.77433316666665
37.241236666666666,126.77432666666667
37.241221333333336,126.7743205
37.24120583333333,126.77431399999999
37.241189166666665,126.77430683333333
37.24117450000001,126.77430066666666
37.241161000000005,126.77429466666666
37.241144166666665,126.77428733333333
37.241125333333336,126.77427899999999
37.2411055,126.77426849999999
37.241087,126.77425900000001
37.241069,126.77425083333334
37.2410505,126.77424533333333
37.241034666666664,126.77423683333333
37.24102033333334,126.77422816666667
37.241006666666664,126.77422049999998
37.2409915,126.77421216666669
37.24097533333334,126.77420333333333
37.2409605,126.77419466666667
37.24094633333333,126.77418600000001
37.2409325,126.774177
37.24091766666666,126.774167
37.240901666666666,126.77415616666667
37.24088533333334,126.77414566666667
37.24087016666667,126.774136
37.240855499999995,126.77412633333333
37.24083916666667,126.77411566666666
37.24082316666667,126.77410516666666
37.24080883333333,126.77409566666665
37.240795166666665,126.77408733333331
37.240781999999996,126.77408033333334
37.240769166666674,126.77407383333333
37.24075366666667,126.77406566666666
37.24073883333333,126.77405733333332
37.24072433333333,126.77404900000002
37.24071066666667,126.77404066666668
37.2406975,126.77403233333334
37.24068416666667,126.77402366666665
37.240668166666666,126.774014
37.240652833333336,126.774005
37.24063733333333,126.77399666666666
37.240622333333334,126.77398900000001
37.240607,126.77398166666666
37.24059016666667,126.77397366666668
37.24057266666667,126.77396500000002
37.24055466666667,126.77395566666668
37.240538,126.773947
37.24052183333333,126.77393849999999
37.24050716666667,126.77393
37.240491,126.77392033333332
37.24047333333333,126.77390916666667
37.24045533333333,126.773898
37.24043883333333,126.7738875
37.240422833333334,126.77387750000001
37.240407499999996,126.77386783333334
37.24039166666667,126.77385766666666
37.24037516666667,126.77384699999999
37.24036,126.77383733333333
37.24034533333334,126.77382783333333
37.240329833333334,126.77381799999999
37.240312,126.77380666666667
37.2402955,126.77379633333334
37.24028,126.77378666666667
37.24026333333334,126.77377616666666
37.2402455,126.77376516666666
37.2402265,126.77375333333333
37.240208833333334,126.77374216666666
37.24019066666666,126.77373066666665
37.240172333333334,126.77371900000001
37.24015433333333,126.77370733333333
37.24013583333333,126.77369500000002
37.240118,126.77368333333334
37.24009933333333,126.77367066666666
37.24008033333334,126.77365783333335
37.240061833333336,126.77364516666667
37.240042833333334,126.77363216666666
37.240021999999996,126.77361783333332
37.240002499999996,126.77360416666667
37.2399835,126.77359066666668
37.239965833333336,126.773578
37.23994916666666,126.77356616666665
37.239931,126.77355316666666
37.239912,126.77353966666666
37.23989033333333,126.77352433333333
37.23986883333334,126.77350933333334
37.2398485,126.77349516666666
37.23982733333333,126.77348066666667
37.239806,126.77346633333333
37.239783833333334,126.77345216666666
37.23976116666667,126.77343833333335
37.239739666666665,126.77342516666667
37.2397195,126.77341216666667
37.23969983333333,126.77339966666665
37.239679833333334,126.773386
37.2396605,126.77337250000001
37.239640333333334,126.77335816666667
37.23962016666667,126.77334383333333
37.23959983333334,126.77332966666667
37.239577833333335,126.77331483333334
37.239553,126.77329883333331
37.239526,126.77328133333334
37.239496833333334,126.773265
37.23946683333334,126.773249
37.239439833333336,126.77322950000001
37.239414000000004,126.77321099999999
37.23938866666666,126.77319416666666
37.23936333333334,126.7731785
37.23933816666667,126.77316366666668
37.23931416666667,126.77314900000002
37.23929183333333,126.773134
37.2392695,126.77311883333331
37.239246333333334,126.77310283333333
37.239223,126.77308633333332
37.23919983333334,126.77307100000002
37.239177166666664,126.7730575
37.23915366666667,126.77304416666666
37.23912966666667,126.77302999999999
37.239107833333335,126.77301483333333
37.23908783333333,126.77300066666666
37.23906916666667,126.77298733333333
37.239052,126.77297500000002
37.23903583333333,126.77296399999999
37.239021,126.77295416666666
37.23900716666667,126.77294516666667
37.23899383333333,126.772936
37.23897733333333,126.77292466666668
37.238961333333336,126.77291333333332
37.23894683333333,126.77290283333332
37.2389335,126.77289266666666
37.23892183333333,126.77288283333334
37.23892166666667,126.77288250000001
37.23892166666667,126.77288266666667
37.23892183333333,126.77288266666667
37.2389215,126.77288233333333
37.23892133333333,126.77288216666666
37.23892133333333,126.77288216666666
37.23892133333333,126.77288216666666
37.23892133333333,126.77288216666666
37.23892133333333,126.77288216666666
37.238921166666664,126.77288216666666
37.23892133333333,126.77288216666666
37.23892133333333,126.77288216666666
37.23892133333333,126.77288216666666
37.23892133333333,126.77288216666666
37.238919499999994,126.7728805
37.23891066666667,126.77287249999999
37.23889933333333,126.77286283333333
37.238887500000004,126.77285333333333
37.238874499999994,126.77284316666668
37.238863,126.77283416666666
37.23885966666667,126.7728315
37.23885966666667,126.7728315
37.23885966666667,126.7728315
37.23885983333333,126.7728315
37.23885966666667,126.77283166666666
37.23885983333333,126.77283166666666
37.23885983333333,126.77283166666666
37.23885983333333,126.7728315
37.23885983333333,126.77283133333334
37.23885966666667,126.7728315
37.23885966666667,126.77283166666666
37.23885966666667,126.77283166666666
37.23885983333333,126.77283166666666
37.23885983333333,126.77283166666666
37.23885983333333,126.77283166666666
37.23885983333333,126.77283166666666
37.23885983333333,126.77283166666666
37.23885983333333,126.77283166666666
37.23885983333333,126.77283166666666
37.23885983333333,126.77283166666666
37.23885983333333,126.77283166666666
37.23885983333333,126.77283166666666
37.23886,126.7728315
37.23885983333333,126.77283166666666
37.23885983333333,126.77283166666666
37.23885983333333,126.77283166666666
37.23885983333333,126.77283166666666
37.23885983333333,126.77283166666666
37.23885983333333,126.77283166666666
37.23885983333333,126.77283166666666
37.23885983333333,126.77283166666666
37.23885983333333,126.77283166666666
37.23885983333333,126.77283166666666
37.23886,126.7728315
37.23885983333333,126.77283166666666
37.23885966666667,126.77283133333334
37.23885333333333,126.77282616666668
37.238845999999995,126.77282033333334
37.238837833333335,126.77281366666666
37.23882916666666,126.77280683333332
37.238817499999996,126.77279766666668
37.23880233333333,126.77278700000001
37.238788,126.77278133333333
37.238776,126.77277950000001
37.23876583333333,126.77277916666665
37.238761999999994,126.77277950000001
37.23876216666667,126.77277950000001
37.23876216666667,126.77277950000001
37.23876216666667,126.77277950000001
37.23876216666667,126.77277950000001
37.23876216666667,126.77277950000001
37.23876216666667,126.77277950000001
37.23876216666667,126.77277950000001
37.23876216666667,126.77277950000001
37.23876216666667,126.77277950000001
37.23876216666667,126.77277950000001
