37.241533,126.774478
37.241540,126.774478
37.241549,126.774478
37.241556,126.774478
37.241565,126.774478
37.241575,126.774479
37.241582,126.774479
37.241589,126.774480
37.241597,126.774480
37.241606,126.774481
37.241613,126.774481
37.241619,126.774481
37.241624,126.774481
37.241631,126.774481
37.241640,126.774482
37.241651,126.774482
37.241659,126.774482
37.241668,126.774482
37.241678,126.774482
37.241687,126.774482
37.241696,126.774482
37.241705,126.774482
37.241716,126.774482
37.241726,126.774482
37.241736,126.774482
37.241748,126.774482
37.241761,126.774483
37.241773,126.774484
37.241782,126.774485
37.241792,126.774486
37.241804,126.774487
37.241816,126.774488
37.241823,126.774488