37.242477,126.774455
37.242490,126.774454
37.242501,126.774454
37.242514,126.774453
37.242524,126.774453
37.242534,126.774452
37.242545,126.774452
37.242557,126.774451
37.242566,126.774451
37.242576,126.774451
37.242587,126.774450
37.242600,126.774451
37.242611,126.774451
37.242622,126.774451
37.242636,126.774451
37.242650,126.774451
37.242666,126.774451
37.242676,126.774450
37.242685,126.774449
37.242691,126.774447
37.242698,126.774445
37.242704,126.774443
37.242711,126.774441
37.242720,126.774438
37.242731,126.774435
37.242742,126.774430
37.242748,126.774427
37.242754,126.774424
37.242758,126.774421
37.242762,126.774419
37.242768,126.774416
37.242775,126.774410
37.242779,126.774406
37.242784,126.774401
37.242788,126.774397
37.242793,126.774391
37.242798,126.774383
37.242802,126.774378
37.242807,126.774369
37.242812,126.774361
37.242814,126.774357
37.242816,126.774353
37.242818,126.774349
37.242820,126.774342
37.242821,126.774335
37.242822,126.774329
37.242823,126.774321
37.242823,126.774314
37.242823,126.774306
37.242823,126.774301
37.242823,126.774294
37.242823,126.774284
37.242823,126.774273
37.242823,126.774259
37.242823,126.774244
37.242823,126.774228
37.242821,126.774218
37.242819,126.774212
37.242817,126.774207
37.242815,126.774200
37.242811,126.774192
37.242807,126.774185
37,242805,126.774182
37.242803,126.774179
37.242799,126.774173
37.242796,126.774165
37.242794,126.774160
37.242793,126.774156
37.242792,126.774151
37.242790,126.774145
37.242788,126.774138
37.242787,126.774129
37.242787,126.774121
37.242786,126.774113