37.240321,126.773812
37.240308,126.773804
37.240295,126.773795
37.240281,126.773786
37.240269,126.773778
37.240257,126.77377
37.240244,126.773761
37.240229,126.773753
37.240218,126.773747
37.240211,126.773743
37.240204,126.773739
37.240195,126.773735
37.240185,126.773729
37.240177,126.773723
37.240169,126.773718
37.24016,126.773712
37.240149,126.773705
37.240138,126.773696
37.240131,126.773691
37.240124,126.773686
37.240118,126.773682
37.240112,126.773678
37.240104,126.773672
37.240097,126.773667
37.240089,126.773661
37.240079,126.773654
37.240068,126.773648
37.24006,126.773643
37.240051,126.773637
37.240041,126.773631
37.24003,126.773624
37.24002,126.773617
37.240011,126.773611
37.24,126.773604