37.240043,126.774319
37.240044,126.774319
37.240045,126.774320
37.240048,126.774322
37.240052,126.774324
37.240059,126.774329
37.240067,126.774334
37.240075,126.774339
37.240082,126.774344
37.240088,126.774348
37.240096,126.774353
37.240105,126.774359
37.240116,126.774366
37.240128,126.774374
37.240139,126.774381
37.240147,126.774387
37.240155,126.774391
37.240163,126.774397
37.240172,126.774403
37.240179,126.774408
37.240187,126.774413
37.240194,126.774417
37.240201,126.774422
37.240206,126.774426
37.240214,126.774430
37.240221,126.774433
37.240225,126.774435
37.240227,126.774436
37.240229,126.774437
37.240231,126.774437
37.240233,126.774438
37.240234,126.774438
37.240237,126.774439
37.240242,126.774441
37.240249,126.774443
37.240254,126.774445
37.240260,126.774447
37.240267,126.774448
37.240271,126.774449
37.240276,126.774449
37.240280,126.774450
37.240285,126.774449
37.240289,126.774449
37.240293,126.774448
37.240299,126.774448
37.240307,126.774447
37.240317,126.774445
37.240323,126.774443
37.240327,126.774441
37.240330,126.774439
37.240334,126.774437
37.240337,126.774436
37.240339,126.774434
37.240341,126.774432
37.240344,126.774431
37.240348,126.774428
37.240353,126.774424
37.240357,126.774421
37.240363,126.774417
37.240371,126.774412
37.240378,126.774406
37.240382,126.774402
37.240386,126.774399
37.240387,126.774397
37.240387,126.774397
37.240387,126.774397
37.240387,126.774397
37.240387,126.774397
37.240387,126.774397
37.240387,126.774397
37.240387,126.774396
37.240389,126.774394
37.240393,126.774389
37.240396,126.774381
37.240399,126.774375
37.240402,126.774368
37.240406,126.774359
37.240412,126.774347