37.240224,126.773511
37.240219,126.773523
37.240214,126.773536
37.24021,126.773546
37.240205,126.773558
37.2402,126.773571
37.240196,126.77358
37.240194,126.773585
37.24019,126.773592
37.240186,126.773602
37.240181,126.773613
37.240176,126.773624
37.240172,126.773635
37.240166,126.773647
37.240161,126.773659
37.240157,126.773669
37.240151,126.773681
37.240145,126.773694
37.240141,126.773706
37.240138,126.773714
37.240134,126.773724
37.240129,126.773735
37.240125,126.773746
37.24012,126.773758
37.240117,126.773767
37.240112,126.773777
37.240108,126.773786
37.240104,126.773796
37.240099,126.773808
37.240095,126.773817
37.240092,126.773825
37.240088,126.773834
