37.239326,126.773217
37.239334,126.773222
37.239341,126.773227
37.239347,126.773231
37.239354,126.773236
37.239361,126.773240
37.239366,126.773244
37.239373,126.773248
37.239382,126.773254
37.239389,126.773259
37.239397,126.773265
37.239406,126.773271
37.239416,126.773278
37.239423,126.773283
37.239433,126.773289
37.239442,126.773296
37.239449,126.773301
37.239456,126.773305
37.239465,126.773312
37.239473,126.773317
37.239479,126.773321
37.239486,126.773326
37.239494,126.773332
37.239504,126.773339
37.239511,126.773343
37.239519,126.773349
37.239528,126.773355
37.239537,126.773361
37.239541,126.773364
37.239548,126.773369
37.239555,126.773374
37.239565,126.773381
37.239575,126.773388
37.239585,126.773395
37.239590,126.773398
37.239597,126.773403
37.239605,126.773408
37.239614,126.773414
37.239621,126.773419
37.239629,126.773424
37.239637,126.773429
37.239643,126.773432
37.239647,126.773433
37.239650,126.773434
37.239654,126.773436
37.239661,126.773438
37.239668,126.773441
37.239678,126.773445
37.239685,126.773447
37.239690,126.773449
37.239695,126.773450
37.239701,126.773452
37.239707,126.773453
37.239712,126.773453
37.239717,126.773453
37.239721,126.773452
37.239726,126.773452
37.239733,126.773451
37.239742,126.773450
37.239747,126.773448
37.239752,126.773445
37.239755,126.773442
37.239759,126.773438
37.239763,126.773434
37.239768,126.773430
37.239774,126.773423
37.239780,126.773418
37.239785,126.773411
37.239789,126.773406
37.239791,126.773402
37.239793,126.773398
37.239795,126.773394
37.239799,126.773388
37.239803,126.773378















