37.238917,126.772946
37.238917,126.772946
37.238917,126.772946
37.238917,126.772946
37.238917,126.772946
37.238917,126.772946
37.238917,126.772946
37.238917,126.772946
37.238917,126.772946
37.238917,126.772946
37.238917,126.772946
37.238919,126.772947
37.238922,126.772950
37.238926,126.772952
37.238930,126.772955
37.238936,126.772959
37.238943,126.772963
37.238951,126.772968
37.238959,126.772974
37.238966,126.772978
37.238974,126.772983
37.238983,126.772990
37.238993,126.772996
37.239003,126.773002
37.239014,126.773010
37.239023,126.773015
37.239032,126.773022
37.239043,126.773029
37.239052,126.773035
37.239061,126.773040
37.239071,126.773047
37.239081,126.773054
37.239089,126.773059
37.239097,126.773065
37.239107,126.773071
37.239116,126.773077
37.239123,126.773081
37.239130,126.773086
37.239139,126.773092
37.239146,126.773097
37.239153,126.773101
37.239161,126.773107
37.239171,126.773113
37.239178,126.773118
37.239186,126.773123
37.239196,126.773130
37.239205,126.773136
37.239212,126.773141
37.239221,126.773146
37.239231,126.773153
37.239238,126.773158
37.239245,126.773163
37.239253,126.773168
37.239263,126.773174
37.239269,126.773179
37.239277,126.773184
37.239286,126.773190
37.239294,126.773195
37.239302,126.773201
37.239311,126.773206
37.239320,126.773213