37.242587,126.773707
37.242581,126.773708
37.242573,126.773708
37.242567,126.773709
37.242562,126.773709
37.242554,126.773709
37.242545,126.773710
37.242538,126.773710
37.242533,126.773710
37.242527,126.773710
37.242519,126.773710
37.242512,126.773710
37.242503,126.773711
37.242495,126.773711
37.242489,126.773710
37.242482,126.773710
37.242473,126.773710
37.242463,126.773710
37.242455,126.773710
37.242447,126.773711
37.242441,126.773712
37.242434,126.773713
37.242425,126.773713
37.242415,126.773714
37.242403,126.773715
37.242395,126.773716
37.242387,126.773716
37.242377,126.773717
37.242367,126.773717
37.242360,126.773717
37.242353,126.773717
37.242344,126.773717
37.242333,126.773718
37.242322,126.773718
37.242312,126.773718
37.242301,126.773718
37.242289,126.773719
37.242277,126.773719
37.242267,126.773719
37.242255,126.773719
37.242243,126.773719
37.242229,126.773720
37.242216,126.773721
37.242207,126.773722
37.242196,126.773723
37.242185,126.773724
37.242177,126.773724
37.242169,126.773725
37.242159,126.773725
37.242152,126.773726
37.242143,126.773726
37.242132,126.773726
37.242120,126.773727
37.242110,126.773727
37.242100,126.773728
37.242090,126.773728
37.242080,126.773728
37.242069,126.773729
37.242056,126.773729
37.242047,126.773730
37.242039,126.773731
37.242028,126.773731
37.242017,126.773732
37.242008,126.773732
37.241999,126.773732
37.241989,126.773732
37.241979,126.773732
37.241969,126.773732
37.241959,126.773732
37.241946,126.773732
37.241939,126.773732
37.241934,126.773733
37.241927,126.773734
37.241919,126.773735
37.241912,126.773735
37.241907,126.773736
37.241901,126.773736
37.241892,126.773736
37.241882,126.773737
37.241872,126.773737
37.241863,126.773738
37.241853,126.773738
37.241841,126.773739
37.241827,126.773740
37.241815,126.773740
37.241804,126.773741
37.241794,126.773744
37.241787,126.773746
37.241780,126.773748
37.241772,126.773751
37.241766,126.773753
37.241759,126.773756
37.241750,126.773760
37.241744,126.773764
37.241740,126.773767
37.241736,126.773771